AR170 5 0 1 60 C 3
AR200 2 0 0 25 L 3
AR201 0 1 0 30 C 3
AR221 2 0 0 40 C 3
AR222 1 0 0 40 C 3
AR231 3 0 0 40 C 3
AR232 2 0 0 40 C 3
AR281 1 0 0 75 C 3
AR283 1 0 0 75 C 3
AR311 1 0 0 30 L 3
AR312 1 0 0 30 L 3
AR342 1 0 0 30 L 3
AR343 1 0 0 30 L 3
AR347 1 0 0 30 C 3
AR348 1 0 0 30 C 3
AR351 1 0 0 25 C 3
AR352 1 0 0 25 C 3
AR391 1 0 0 30 L 3
AR392 1 0 0 30 L 3
AR402 1 0 0 40 C 3
AR404 1 0 0 35 C 3
AR406 1 0 0 25 L 3
AR421 1 0 0 40 C 3
AR423 1 0 0 60 C 3
AR434 1 0 0 40 C 3
AR436 1 0 0 20 C 3
AR437 1 0 0 30 L 3
AR452 1 0 0 30 C 3
AR456 1 0 0 30 C 3
AR461 1 0 0 25 L 3
AR465 1 0 0 20 C 3
AR474 1 0 0 24 C 3
AR482W 1 0 0 25 C 3
AR493 1 0 0 30 C 3
